-1.592686677459566047e+00 4.219747732505149784e+00 2.111084838108793882e+00 1.000000000000000000e+00
-1.390409752980817704e+00 1.025006400082999258e+00 1.044652121165299041e+00 1.000000000000000000e+00
2.963774288207702945e+00 -2.806537995218603143e-01 1.815427503211867855e+00 1.000000000000000000e+00
6.203085426122296742e-01 -1.221578455709525945e+00 1.050714497805517400e+00 1.000000000000000000e+00
-1.179057587550698560e+00 -3.256901271435697076e+00 2.079539640005150680e+00 1.000000000000000000e+00
1.892093228786337900e-01 1.873976926627092032e+00 1.715084398917388286e+00 1.000000000000000000e+00
5.799231784425666891e-01 1.323389163919894473e+00 9.407662669165675062e-01 1.000000000000000000e+00
-1.147736784112054487e+00 -4.822638757539374765e+00 1.210434190186296943e+00 1.000000000000000000e+00
-4.505671227885366115e-02 -1.277337152177128621e+00 -1.181628462641328703e-01 1.000000000000000000e+00
-2.434696754362673854e+00 -1.133620117720835152e+00 1.397333266844869248e+00 1.000000000000000000e+00
1.240568933539485563e+01 7.199734400069717211e+00 5.471600586405272360e+00 0.000000000000000000e+00
1.032883672843687251e+01 8.256261243467360345e+00 1.157619228412219314e+01 0.000000000000000000e+00
1.227417862005154880e+01 7.509166841081376553e+00 5.440373061430411994e+00 0.000000000000000000e+00
8.296200984838515424e+00 9.355308202393617378e+00 1.036551632341072171e+01 0.000000000000000000e+00
1.305681547859960823e+01 6.842854610472437038e+00 1.867280329800450112e+00 0.000000000000000000e+00
1.088914383588853063e+01 8.282345419722140889e+00 5.964853388218032570e+00 0.000000000000000000e+00
9.962283243990734505e+00 8.464841350765521355e+00 7.582882933074165166e+00 0.000000000000000000e+00
1.374126997643184112e+01 6.499277015381850653e+00 4.147913035924213787e+00 0.000000000000000000e+00
1.442586961218642116e+01 6.339387406636697975e+00 1.043305519293459938e+00 0.000000000000000000e+00
1.398480580808872276e+01 6.489465702400448066e+00 4.106656069419107880e+00 0.000000000000000000e+00
1.828300269722086568e+01 1.766143735300492779e+01 1.866277419217649225e+01 0.000000000000000000e+00
2.181340801681589525e+01 1.883471435755119572e+01 1.885502784406577348e+01 0.000000000000000000e+00
2.099938648174735434e+01 1.480682244724197183e+01 2.480674932816726397e+01 0.000000000000000000e+00
1.333429868569119137e+01 1.775734573039004971e+01 1.605916087229158151e+01 0.000000000000000000e+00
1.847557403894641226e+01 1.783726092854796619e+01 1.672534661976936476e+01 0.000000000000000000e+00
1.661627970828926237e+01 1.529492844659963602e+01 2.230616738571990254e+01 0.000000000000000000e+00
1.469918842716776908e+01 1.557271708182405234e+01 1.935059066164358654e+01 0.000000000000000000e+00
1.370886283638464320e+01 1.439930317507908342e+01 2.171066477545653584e+01 0.000000000000000000e+00
2.167868903480695053e+01 1.515010772152872143e+01 2.534060831385016854e+01 0.000000000000000000e+00
1.839715471953754644e+01 1.771402813303485502e+01 1.873237784650148896e+01 0.000000000000000000e+00
-1.172782057807879585e+00 8.214764986103642030e-01 2.551022767700600546e+00 1.000000000000000000e+00
4.855361970992777554e-01 2.939800146996115693e+00 1.997093791151514086e+00 1.000000000000000000e+00
1.759060256955386814e+00 -9.925578781608468404e-02 2.634716776964624030e-01 1.000000000000000000e+00
-1.053098699977345953e+00 -1.584068856687601112e+00 1.854665106387446416e+00 1.000000000000000000e+00
4.730446649293498229e-01 -3.884148673811788299e+00 1.507978385987260195e+00 1.000000000000000000e+00
-1.471011332531996452e+00 -3.504840177018567760e-01 1.797630655611211159e+00 1.000000000000000000e+00
-5.085052976731194718e+00 -2.038837014815891635e+00 1.260041954663768005e+00 1.000000000000000000e+00
-2.863962078356698804e-01 -4.453233936674729776e-01 7.388445593760708530e-01 1.000000000000000000e+00
-2.330065472374663660e+00 1.965197304539486600e+00 2.029710034318394474e+00 1.000000000000000000e+00
-1.972899886995094665e+00 -4.147701622759936146e-01 4.162043508087893695e-01 1.000000000000000000e+00
9.066876170709980087e+00 8.905374670896538447e+00 8.458865308003495898e+00 0.000000000000000000e+00
1.309643445517562554e+01 7.217286493203077136e+00 3.033115326611464990e+00 0.000000000000000000e+00
1.236745383040641855e+01 7.274498421858720754e+00 7.305713311562588075e+00 0.000000000000000000e+00
1.653265754237020602e+01 5.304650315176649755e+00 -1.881499791720572468e+00 0.000000000000000000e+00
1.117095148189312148e+01 7.904048205372609992e+00 3.960388874750164767e+00 0.000000000000000000e+00
1.253551737804559529e+01 7.194068975637839536e+00 4.224766018473641083e+00 0.000000000000000000e+00
9.877794299078086482e+00 8.538453617984423261e+00 9.461208483801637925e+00 0.000000000000000000e+00
1.191212406085661080e+01 7.574280544407797855e+00 7.410679295700530744e+00 0.000000000000000000e+00
1.230947197835361528e+01 7.321759995347941974e+00 5.681731076268442315e+00 0.000000000000000000e+00
1.333218688587819578e+01 6.884973968795994992e+00 5.404689716869028437e+00 0.000000000000000000e+00
2.189384689277265394e+01 1.651838096396346955e+01 2.375469282070807608e+01 0.000000000000000000e+00
1.514013648127447809e+01 1.702814652725135147e+01 1.866113593239749591e+01 0.000000000000000000e+00
1.414090635081597824e+01 1.458636528308825930e+01 2.324559278512681360e+01 0.000000000000000000e+00
2.247802599371314614e+01 1.703568471049621635e+01 2.291965114352514021e+01 0.000000000000000000e+00
1.938215603694046862e+01 1.595461630612637904e+01 2.201584646803060252e+01 0.000000000000000000e+00
1.620979582196415691e+01 1.635100560455148155e+01 1.993079259570344064e+01 0.000000000000000000e+00
1.631138026452374845e+01 1.632569780785788183e+01 2.048081804337197553e+01 0.000000000000000000e+00
1.791845108271348863e+01 1.886869614885078406e+01 1.741803295500948323e+01 0.000000000000000000e+00
1.714220036575260764e+01 1.667965922585906924e+01 1.945453240385459281e+01 0.000000000000000000e+00
1.274272214035947748e+01 1.526874776126401478e+01 2.027178431134270653e+01 0.000000000000000000e+00
-7.033924572520738883e-01 -5.218796927849169709e-01 1.771553951815385552e+00 1.000000000000000000e+00
-8.783351458312714799e-01 4.173595495673236400e+00 1.724889472761730547e+00 1.000000000000000000e+00
-8.907084625399313005e-01 3.154386483342053182e+00 1.954170609263286451e+00 1.000000000000000000e+00
-2.850186128237801597e+00 -3.721734669892930114e+00 1.205782709681033404e+00 1.000000000000000000e+00
5.360742403198075490e-01 1.797345581239876422e+00 1.783196274459968311e+00 1.000000000000000000e+00
7.724796997851113289e-02 -3.319971567170013849e+00 -1.406733123905992144e-01 1.000000000000000000e+00
-1.533639701877181460e+00 -4.082782566969261673e+00 1.336627384082459846e+00 1.000000000000000000e+00
-2.795965092550447118e+00 -3.353125317067286559e+00 6.289281154724322143e-01 1.000000000000000000e+00
-2.035182029027780004e+00 4.011181807818763545e+00 2.080132630521315917e+00 1.000000000000000000e+00
-3.892002448453080632e+00 3.194770171085025368e+00 2.706838310228770084e+00 1.000000000000000000e+00
9.919823811050513029e+00 8.540329422012003846e+00 7.690306476637188027e+00 0.000000000000000000e+00
1.095315163016018012e+01 8.054756159822991535e+00 6.374941339470465707e+00 0.000000000000000000e+00
1.277530000340468064e+01 7.217797064539957397e+00 3.636291337211338348e+00 0.000000000000000000e+00
1.099982126290164253e+01 8.241094568866829562e+00 7.836061782410562060e+00 0.000000000000000000e+00
1.037347314612114779e+01 8.483031133696798065e+00 7.879241832662675193e+00 0.000000000000000000e+00
1.391088012544965480e+01 6.534757098007658804e+00 1.370766334282249144e+00 0.000000000000000000e+00
1.205306952280181143e+01 7.367275972157785624e+00 5.989726016311173851e+00 0.000000000000000000e+00
1.221956193339614138e+01 7.355362258252005958e+00 4.860090336401492905e+00 0.000000000000000000e+00
1.629231354560627665e+01 5.342665738849230905e+00 4.824149820345802198e-02 0.000000000000000000e+00
1.078999731258745598e+01 7.953657234118741037e+00 8.429115581605978846e+00 0.000000000000000000e+00
1.623624475870187567e+01 1.971723313822993617e+01 1.426401483660026770e+01 0.000000000000000000e+00
1.606273976024493066e+01 1.470247161129672619e+01 2.158661950617306502e+01 0.000000000000000000e+00
1.753940249527297368e+01 1.716744954438307857e+01 1.890238378807673314e+01 0.000000000000000000e+00
1.375116593531950393e+01 1.752083703621302391e+01 1.721053471844585303e+01 0.000000000000000000e+00
1.603273779023373180e+01 1.625465843790663811e+01 1.887358369042024009e+01 0.000000000000000000e+00
2.070295095770239868e+01 1.591913121522953922e+01 2.450322694969431581e+01 0.000000000000000000e+00
1.251158933313501898e+01 1.601838680666288894e+01 1.891130864255933730e+01 0.000000000000000000e+00
1.892848612796282026e+01 1.732087846541023168e+01 1.945768366546184325e+01 0.000000000000000000e+00
2.487909415203712982e+01 1.546488215477368655e+01 2.672872352629450177e+01 0.000000000000000000e+00
1.789917782986482209e+01 1.545890656630454885e+01 2.128346429725495170e+01 0.000000000000000000e+00
-2.821228267904432485e+00 -3.662234544495579058e+00 -2.359232062243366013e-01 1.000000000000000000e+00
-2.170400089238377461e+00 -3.270302876128504899e+00 -4.045982400038323767e-01 1.000000000000000000e+00
-1.400626891386683948e+00 -2.653097361453845782e+00 2.141946101874488306e+00 1.000000000000000000e+00
3.076783488683991763e-01 -3.127281376907505184e+00 1.034869722520047608e+00 1.000000000000000000e+00
6.122430819903879051e-01 9.603877126041500123e-01 1.559443758740472141e+00 1.000000000000000000e+00
-1.394721968075193885e+00 -4.410963663733679097e-01 1.244110620197929062e+00 1.000000000000000000e+00
-3.233887985385047958e+00 8.005294394153739113e-02 1.621229688337546104e+00 1.000000000000000000e+00
-2.615478659613330148e+00 3.548390897362216023e+00 2.376319676207053533e+00 1.000000000000000000e+00
-3.400711564159123679e+00 -5.068108519336583129e+00 -1.641449650391648696e-01 1.000000000000000000e+00
-1.465300568671921821e+00 -3.021426165124680097e+00 -6.911854960504548728e-02 1.000000000000000000e+00
1.412109521792418221e+01 6.424360395225882314e+00 2.608967741995308565e+00 0.000000000000000000e+00
8.341726820428110756e+00 9.386301339209399686e+00 9.854912513431971277e+00 0.000000000000000000e+00
1.333101773552240665e+01 6.890620059368270489e+00 4.686217751198578085e+00 0.000000000000000000e+00
1.341948386198259691e+01 6.954040787701887716e+00 3.251929966456875487e+00 0.000000000000000000e+00
1.385151911117775292e+01 6.716619362238225754e+00 1.452940186202572814e+00 0.000000000000000000e+00
1.184839787281812917e+01 7.502645989886339351e+00 3.853533084861229696e+00 0.000000000000000000e+00
9.812130505877959763e+00 8.652651252408887217e+00 8.541897071356823190e+00 0.000000000000000000e+00
8.414117289112423848e+00 9.142539198854683136e+00 1.073385253103372960e+01 0.000000000000000000e+00
1.421921073922356626e+01 6.337555919524103132e+00 1.301045384803144245e+00 0.000000000000000000e+00
9.172450428068165351e+00 9.093987298173514588e+00 9.003655095995341640e+00 0.000000000000000000e+00
2.184950449434242259e+01 1.468732772414124810e+01 2.662411844659665405e+01 0.000000000000000000e+00
1.760798447892428698e+01 1.629610466968983218e+01 2.097564527323164185e+01 0.000000000000000000e+00
1.430454664319475633e+01 1.363201904060256098e+01 2.354545229587424870e+01 0.000000000000000000e+00
1.925985510717008964e+01 1.692951010409210610e+01 2.047790802581519642e+01 0.000000000000000000e+00
1.622894518712302059e+01 1.474570738433201988e+01 2.305412777909712574e+01 0.000000000000000000e+00
2.317343971340231690e+01 1.694236920648449285e+01 2.371359815212343136e+01 0.000000000000000000e+00
1.794999378809378854e+01 1.517555551407751224e+01 2.239446991269624476e+01 0.000000000000000000e+00
1.337118103845388717e+01 1.569398999087368551e+01 2.010036271216557680e+01 0.000000000000000000e+00
1.343886725498675538e+01 1.336210772514762013e+01 2.401678280195179127e+01 0.000000000000000000e+00
1.863507537484045784e+01 1.585077537072530518e+01 2.084041071796199773e+01 0.000000000000000000e+00
-3.766177631579517016e-01 -2.573619752139284511e+00 1.384827144177142255e+00 1.000000000000000000e+00
2.030268968667236607e+00 -3.330735151763230206e+00 1.693618492491735239e-01 1.000000000000000000e+00
-2.435357627685862170e+00 -7.696823070243397069e-02 1.604059668781760539e+00 1.000000000000000000e+00
7.340249043065874002e-01 -2.257405722613824661e+00 1.039997562225711603e+00 1.000000000000000000e+00
-1.100042318343254610e+00 -5.406157777009369170e+00 1.027314693800241097e+00 1.000000000000000000e+00
-3.287998519369186745e+00 3.411959308498337506e+00 1.854461154199503525e+00 1.000000000000000000e+00
-4.556748350315846796e-01 4.020176019095394793e+00 1.881804616298059507e+00 1.000000000000000000e+00
-1.331317484972444287e+00 -1.048145887896320794e+00 2.109114388714160349e+00 1.000000000000000000e+00
-1.680557532710063695e+00 -3.022819216289660993e+00 7.948390838728918162e-01 1.000000000000000000e+00
-2.118197023706669846e+00 9.364440610252946495e-01 1.514724372910354777e+00 1.000000000000000000e+00
1.452971163287834777e+01 6.255672318275654398e+00 1.455208361961027652e+00 0.000000000000000000e+00
1.197143209339737702e+01 7.578094712244269893e+00 6.328110821845652545e+00 0.000000000000000000e+00
1.218631234385693674e+01 7.403864165848903944e+00 5.488531285475163557e+00 0.000000000000000000e+00
1.045808360819553329e+01 8.177829805061955781e+00 8.800022836566567364e+00 0.000000000000000000e+00
8.800517439124046604e+00 9.083549012280750290e+00 1.008348388330659517e+01 0.000000000000000000e+00
8.435964184781960640e+00 9.375586206855373916e+00 1.096588768267385561e+01 0.000000000000000000e+00
1.179612220088043806e+01 7.677021947951015335e+00 4.460144608786633214e+00 0.000000000000000000e+00
1.153602636450384722e+01 7.742714005647952646e+00 5.532273174376567404e+00 0.000000000000000000e+00
1.125358381796061735e+01 7.782700600200873176e+00 7.792302010490550046e+00 0.000000000000000000e+00
9.505073372629977868e+00 8.608614079506020644e+00 8.847939308128449198e+00 0.000000000000000000e+00
1.498517789142922929e+01 1.752982561837764663e+01 1.539103681886536279e+01 0.000000000000000000e+00
2.075076928870586457e+01 1.450758752676635943e+01 2.644426323465208029e+01 0.000000000000000000e+00
1.715964761136999783e+01 1.314966957725083319e+01 2.537217527227754132e+01 0.000000000000000000e+00
1.908881579585562704e+01 1.570961919903193582e+01 2.194724604837303517e+01 0.000000000000000000e+00
1.132178256289533991e+01 1.728306460689274715e+01 1.475852537951518428e+01 0.000000000000000000e+00
1.579465982470036423e+01 1.707314019148828876e+01 1.809441339878235766e+01 0.000000000000000000e+00
1.543435081211821824e+01 1.704697969098577204e+01 1.882388229339870733e+01 0.000000000000000000e+00
1.876275193655616036e+01 1.571125874007646495e+01 2.218892257617487118e+01 0.000000000000000000e+00
1.355083649449578687e+01 1.683156092213656763e+01 1.813395841721742485e+01 0.000000000000000000e+00
1.814808424124817776e+01 1.659049299627214680e+01 2.130180782126303640e+01 0.000000000000000000e+00
-3.709646404699247668e+00 1.995685080505400277e+00 1.151910151034050589e+00 1.000000000000000000e+00
-1.777970548767846104e+00 -1.706641251735337317e+00 -5.853164362295095735e-01 1.000000000000000000e+00
-4.940687213990993421e+00 -3.976515850699088972e+00 -1.715158024634089173e-01 1.000000000000000000e+00
-4.645417678027262021e+00 -3.890707686449882630e+00 2.423079091333194546e-01 1.000000000000000000e+00
-1.638984347627035154e+00 4.108078129742070317e+00 3.294232455537245752e+00 1.000000000000000000e+00
1.116577537197610992e+00 1.101663819067404626e+00 2.995322377908747669e+00 1.000000000000000000e+00
-2.229141717117281374e+00 4.403897661957112408e-01 2.005731905649605018e+00 1.000000000000000000e+00
-3.554644475231985012e+00 -9.225735916605082299e-01 2.132756334607981863e+00 1.000000000000000000e+00
-1.166224444698046092e+00 -1.317192294249819984e+00 -2.244237187562858615e-01 1.000000000000000000e+00
-2.155538538247435909e+00 2.323671266180689088e+00 3.177446510752627518e+00 1.000000000000000000e+00
9.131073859484736488e+00 8.826372478811371991e+00 1.224971358663499643e+01 0.000000000000000000e+00
1.111289221538734928e+01 7.856081214448455974e+00 9.047567223907602596e+00 0.000000000000000000e+00
1.060202534511882533e+01 8.198526051420927274e+00 7.734412588983465398e+00 0.000000000000000000e+00
1.401535983335061886e+01 6.573456973674596249e+00 7.200004820376442183e-01 0.000000000000000000e+00
1.234480461332577228e+01 7.251276747578790705e+00 5.632377371195236293e+00 0.000000000000000000e+00
1.007603841615488349e+01 8.338846746058580450e+00 6.324561794605109810e+00 0.000000000000000000e+00
1.271375264080127998e+01 7.144706867775236780e+00 3.716311603380060280e+00 0.000000000000000000e+00
1.198383987497047976e+01 7.445862957717400477e+00 4.542883220455625981e+00 0.000000000000000000e+00
1.222014336125632994e+01 7.425956794986685594e+00 3.065540995192780116e+00 0.000000000000000000e+00
1.225970273775675778e+01 7.495896220121235132e+00 5.204053828354118671e+00 0.000000000000000000e+00
2.374706556796455104e+01 1.640809813465220302e+01 2.500848922657913675e+01 0.000000000000000000e+00
1.892456503203830920e+01 1.632418465557125131e+01 2.148011420528932547e+01 0.000000000000000000e+00
1.748020721585305992e+01 1.786177681215387025e+01 1.759333896499998673e+01 0.000000000000000000e+00
2.183857596214365770e+01 1.754478304175114189e+01 2.217523744978751665e+01 0.000000000000000000e+00
1.823352544616167847e+01 1.743471911009556408e+01 2.013460653100397479e+01 0.000000000000000000e+00
1.662784242322737072e+01 1.726962990533962738e+01 1.878241606418524512e+01 0.000000000000000000e+00
1.493725253218510218e+01 1.614831397878430863e+01 1.881942814252341378e+01 0.000000000000000000e+00
2.011833042211524258e+01 1.701198727392561594e+01 1.998424991007074780e+01 0.000000000000000000e+00
1.298956032594314181e+01 1.270955912760214623e+01 2.367266126659743719e+01 0.000000000000000000e+00
1.687206761061396776e+01 1.587064541287277919e+01 1.985006629411318713e+01 0.000000000000000000e+00
5.654111581270655496e-01 -7.367546165094960298e-01 1.704950710255865864e-01 1.000000000000000000e+00
-2.681628796089292166e+00 -2.929039977511853188e+00 5.955429501809117454e-01 1.000000000000000000e+00
1.065842120975852181e+00 2.521020859055838947e+00 1.455082560364729272e+00 1.000000000000000000e+00
1.897166864889712201e-01 -2.501286890655110007e+00 2.251489070914900026e+00 1.000000000000000000e+00
-2.513927232887251506e+00 4.687924958673963971e+00 3.423830200963432491e-01 1.000000000000000000e+00
-2.935581802247477334e+00 -2.106863204271538947e+00 8.633751071644887309e-01 1.000000000000000000e+00
-1.365210406413868816e+00 -2.410473648361040055e+00 -7.421028587932756437e-01 1.000000000000000000e+00
1.520139299369986263e+00 -2.387368591578333366e+00 2.732393562322830149e-01 1.000000000000000000e+00
-2.873150175811848506e+00 -3.826345913768869345e-01 2.025983746894111981e+00 1.000000000000000000e+00
-1.220348199847790527e+00 1.348365477922540689e+00 1.316916915401983967e+00 1.000000000000000000e+00
1.022639984890219189e+01 8.473963383841407904e+00 9.936828233339946692e+00 0.000000000000000000e+00
1.096721047104789015e+01 8.069074169928441620e+00 3.994349393539899484e+00 0.000000000000000000e+00
1.127993280576095891e+01 7.931547141456988470e+00 7.535032255749568364e+00 0.000000000000000000e+00
1.224924383907698910e+01 7.441325389731149542e+00 5.040202094831335522e+00 0.000000000000000000e+00
1.270367567506744955e+01 7.102818384827441989e+00 3.721631389862657180e+00 0.000000000000000000e+00
9.391774320994599634e+00 8.874353801020580690e+00 8.918529082149346365e+00 0.000000000000000000e+00
1.295874263542771487e+01 6.996856744505505432e+00 3.357611658210808869e+00 0.000000000000000000e+00
1.318057889867660037e+01 6.971117408509651447e+00 3.850035130899286173e+00 0.000000000000000000e+00
1.266894929005499648e+01 7.270845122553614814e+00 1.749133761994937863e+00 0.000000000000000000e+00
1.095212888217635339e+01 7.837714805963823750e+00 6.725719317013749254e+00 0.000000000000000000e+00
1.670394840714100226e+01 1.486146439794794460e+01 2.310383352013979774e+01 0.000000000000000000e+00
1.866240161080015980e+01 1.656473358312286592e+01 2.123132670780524833e+01 0.000000000000000000e+00
1.832191435929859580e+01 1.463954128200432514e+01 2.458648644561017704e+01 0.000000000000000000e+00
2.158697855590473935e+01 1.601035526511165941e+01 2.373571991996332642e+01 0.000000000000000000e+00
1.544346732150746071e+01 1.645414424248754059e+01 1.920061310714296354e+01 0.000000000000000000e+00
2.039766326083478987e+01 1.605558266821762103e+01 2.275033330450634850e+01 0.000000000000000000e+00
1.829432600764909367e+01 1.693306222596718058e+01 1.988367755889727562e+01 0.000000000000000000e+00
1.773229626860765862e+01 1.456731693550164053e+01 2.339338243617919133e+01 0.000000000000000000e+00
2.054874348290073982e+01 1.615083550400052559e+01 2.242038699363799736e+01 0.000000000000000000e+00
1.767847048291598355e+01 1.779075857386182591e+01 1.717176323680350336e+01 0.000000000000000000e+00
-1.222416890696354619e+00 -1.450237404297419097e+00 4.302508450748598889e-01 1.000000000000000000e+00
-5.893623730214198053e-01 1.570123121629270591e+00 1.264428265094607706e+00 1.000000000000000000e+00
-1.037127290753018238e+00 1.092728463066390265e-01 1.341751638003283009e+00 1.000000000000000000e+00
-1.915002439286266789e+00 2.569492169199431686e+00 2.820985697879879073e+00 1.000000000000000000e+00
-1.164089655771067378e+00 -3.246310974699935237e+00 1.807056230007895836e+00 1.000000000000000000e+00
-2.170296549821242316e+00 -2.186274647928503789e+00 -4.459969506178869114e-01 1.000000000000000000e+00
-3.045132441155075753e+00 -2.979539859861162654e+00 4.719161524622498272e-01 1.000000000000000000e+00
-1.564436526525811111e+00 -5.946412411120329811e-01 1.574930573937495915e+00 1.000000000000000000e+00
-8.301224208384121450e-01 1.810553494064419677e-01 8.063341216410250256e-01 1.000000000000000000e+00
-3.434545258177478022e+00 1.203581833214328656e+00 6.876252249345360390e-01 1.000000000000000000e+00
1.058307256650460815e+01 8.149623071145343900e+00 6.788829730714885713e+00 0.000000000000000000e+00
1.280233477434068057e+01 7.080670410658977509e+00 2.745626734886236431e+00 0.000000000000000000e+00
1.245703686584412395e+01 7.090592902669555997e+00 5.572278729127917885e+00 0.000000000000000000e+00
1.340890752905363748e+01 6.727739204868138145e+00 3.523607321511099233e+00 0.000000000000000000e+00
1.244947386313695148e+01 7.311101682601735874e+00 3.570287139307698254e+00 0.000000000000000000e+00
1.449057532041485175e+01 6.137983508978668290e+00 1.849876399841599461e+00 0.000000000000000000e+00
1.122389753600923257e+01 7.763437470500707427e+00 6.447284763945942743e+00 0.000000000000000000e+00
9.599781138540596004e+00 8.620417407474480598e+00 9.451644498366992053e+00 0.000000000000000000e+00
1.291049494263597452e+01 7.058598431907531001e+00 3.513586380522537134e+00 0.000000000000000000e+00
1.086370756632266321e+01 8.179287075482355007e+00 9.620671322592132313e+00 0.000000000000000000e+00
1.754739983978762297e+01 1.772254887169457049e+01 1.771092053464090910e+01 0.000000000000000000e+00
1.688520351207840520e+01 1.754375644367054576e+01 1.757299043969720387e+01 0.000000000000000000e+00
1.961151121507559125e+01 1.660353308220958013e+01 2.163612239338418064e+01 0.000000000000000000e+00
1.579311755515248450e+01 1.638373719008173168e+01 1.913065270012830865e+01 0.000000000000000000e+00
1.922952497071548095e+01 1.903425127362200442e+01 1.599284292788101602e+01 0.000000000000000000e+00
1.900959118848162532e+01 1.670809303413842883e+01 2.134776098615438045e+01 0.000000000000000000e+00
1.947975936768702354e+01 1.807899312384508406e+01 1.929458186661938157e+01 0.000000000000000000e+00
1.473030571026390945e+01 1.528409658605836619e+01 2.076946333862930061e+01 0.000000000000000000e+00
1.705331763912337451e+01 1.461010461975378227e+01 2.346027416313506819e+01 0.000000000000000000e+00
1.819940653626263227e+01 1.812516352334349889e+01 1.692124943212331090e+01 0.000000000000000000e+00
-2.764516606289963985e+00 -5.274937970228501527e+00 -4.585654053050491896e-01 1.000000000000000000e+00
-2.944368072240903800e+00 -4.433569455414096971e+00 4.558770499502164952e-01 1.000000000000000000e+00
-4.031782905699373920e+00 -3.339423142956817081e+00 -2.364005409992464557e-01 1.000000000000000000e+00
-3.975064194263309147e+00 -1.902177297118516019e+00 1.567893237341240420e+00 1.000000000000000000e+00
4.376070892064396478e-01 1.157025390000305132e+00 1.243895724087535681e+00 1.000000000000000000e+00
1.270001535421130034e+00 -2.839063976899960373e+00 1.297522497008245068e+00 1.000000000000000000e+00
-1.355146033502878655e+00 -4.726458243033426765e-01 1.161151560855173237e+00 1.000000000000000000e+00
-3.314560889362921259e+00 -4.597185612261575072e-01 7.930401715787224193e-01 1.000000000000000000e+00
-2.041201709578520429e+00 1.938258351756948938e+00 9.657114336966784451e-01 1.000000000000000000e+00
-3.834806099821806313e+00 -2.258367415109010068e+00 9.500305026064976843e-01 1.000000000000000000e+00
1.316154130409712408e+01 7.037314550417380410e+00 2.166960586053582993e+00 0.000000000000000000e+00
1.107032651931111644e+01 8.064038059373636713e+00 6.773695525593693034e+00 0.000000000000000000e+00
1.336979156429796944e+01 6.780036617789389375e+00 3.981151495768731507e+00 0.000000000000000000e+00
1.253304397990997643e+01 7.220445937928627878e+00 6.190321692430244660e+00 0.000000000000000000e+00
1.420333575644585622e+01 6.387600654807922496e+00 1.026762112230064083e+00 0.000000000000000000e+00
1.111090137689984658e+01 7.807060495607499817e+00 7.848955200268333599e+00 0.000000000000000000e+00
1.464028093070522551e+01 6.147891018027814347e+00 2.486437621523694741e+00 0.000000000000000000e+00
1.027931334496861560e+01 8.385101967432417425e+00 9.519769532752341945e+00 0.000000000000000000e+00
8.723735380610762036e+00 9.188421688895569872e+00 1.151659598922782912e+01 0.000000000000000000e+00
1.369537664234695740e+01 6.844223207032398726e+00 1.860681090400280180e+00 0.000000000000000000e+00
2.149321235981411604e+01 1.554827554977809356e+01 2.404665641988763625e+01 0.000000000000000000e+00
1.447572319520201134e+01 1.781824483900593137e+01 1.759511184593278088e+01 0.000000000000000000e+00
1.930719942779599307e+01 1.657124279289150692e+01 2.346737193929221377e+01 0.000000000000000000e+00
1.730712599850837563e+01 1.695902967686778595e+01 1.870335578729990189e+01 0.000000000000000000e+00
1.826680945890768015e+01 1.656758138155413107e+01 2.079718387564191673e+01 0.000000000000000000e+00
1.783501667954000780e+01 1.661682155446555953e+01 2.247889286596269187e+01 0.000000000000000000e+00
1.602279301670280276e+01 1.532851361443682592e+01 2.173593456150341652e+01 0.000000000000000000e+00
1.629789943589650747e+01 1.618006318060405846e+01 2.063589556867932373e+01 0.000000000000000000e+00
1.747123295445575764e+01 1.629684448475045855e+01 2.095636264112660641e+01 0.000000000000000000e+00
2.150306743642951801e+01 1.809962393473373865e+01 2.171938422213194642e+01 0.000000000000000000e+00
3.102697235281962840e+00 -5.845739973933578026e-01 1.760433925387647758e+00 1.000000000000000000e+00
-2.080994000172845304e+00 -1.675287496399969545e+00 1.295839412793358347e+00 1.000000000000000000e+00
-8.523785712589936336e-01 1.012057854486634323e-01 7.012341679132849670e-01 1.000000000000000000e+00
-7.746466059305536778e-01 6.337245011640528780e-01 2.334313002224963185e+00 1.000000000000000000e+00
-2.465206259797696919e+00 -8.664626078845707458e-01 -4.207183055316037201e-01 1.000000000000000000e+00
-3.569789195001437321e+00 6.987646399140343689e-01 2.666424659882194792e+00 1.000000000000000000e+00
-1.116442940162643449e+00 -4.916114383640381114e+00 4.276230366074957878e-01 1.000000000000000000e+00
5.304096709176755464e-01 -1.641450803069337105e+00 1.402284903772990976e+00 1.000000000000000000e+00
-1.880255331627807669e+00 -5.063222596931188590e+00 7.411125813691417097e-01 1.000000000000000000e+00
6.606795272757419735e-01 -1.913889207057667186e+00 1.449133621326539334e+00 1.000000000000000000e+00
1.292823324492155024e+01 7.064039335469961323e+00 2.154136103481420594e+00 0.000000000000000000e+00
1.102023061533770409e+01 8.148372050233648523e+00 7.589872761829209225e+00 0.000000000000000000e+00
1.095105340706211727e+01 7.975425238710055709e+00 6.511981905894177025e+00 0.000000000000000000e+00
1.129020218072906978e+01 7.983662416450394872e+00 5.036536447020851348e+00 0.000000000000000000e+00
1.301002174597440764e+01 6.847815353925579274e+00 3.895083973276185052e+00 0.000000000000000000e+00
1.622853049977443263e+01 5.313575692359640001e+00 -2.344028033756172746e+00 0.000000000000000000e+00
1.097980275759987734e+01 7.993550887328995991e+00 7.674761384696611621e+00 0.000000000000000000e+00
8.243158663242404316e+00 9.465215102136875558e+00 1.085402129716797504e+01 0.000000000000000000e+00
1.344891599059743470e+01 6.733778531841085879e+00 1.159658073695342573e+00 0.000000000000000000e+00
1.071545534511185949e+01 8.266075549954916113e+00 8.533286540440968793e+00 0.000000000000000000e+00
1.924493956438636388e+01 1.615986379884154545e+01 2.156453409099991703e+01 0.000000000000000000e+00
1.370756061511341528e+01 1.852218121011907570e+01 1.312613724077889188e+01 0.000000000000000000e+00
1.564564500692079818e+01 1.674655321368746641e+01 1.902989224211302854e+01 0.000000000000000000e+00
1.867089505798420390e+01 1.483259744946301417e+01 2.513626720642515977e+01 0.000000000000000000e+00
1.729929545492277398e+01 1.840294017096312729e+01 1.763408589168969698e+01 0.000000000000000000e+00
1.727046862006293537e+01 1.898265862931943815e+01 1.475247870172097997e+01 0.000000000000000000e+00
2.123997749167080684e+01 1.689984183907768056e+01 2.153568584163379995e+01 0.000000000000000000e+00
1.779895829115017492e+01 1.646862793593305341e+01 2.134688128225568704e+01 0.000000000000000000e+00
1.583914225563529676e+01 1.696524175311929383e+01 1.772672250945539574e+01 0.000000000000000000e+00
1.679839949101275209e+01 1.631693362979960327e+01 2.132175925599196731e+01 0.000000000000000000e+00
